0000000000000000
0000000000000000
0000000000000000
0000000000000000
0000000000000000
0000000000000000
0000000000000000
0000000000000000
0000000000000000
0000000000000000
0000000000000000
0000000000000000
0000000000000000
0000000000000000
0000000000000000
0000000000000000
0000000000000000
0000000000000000
0000000000000000
0000000000000000
0000000000000000
0000000000000000
0000000000000000
0000000000000000
0000000000000000
0000000000000000
0000000000000000
0000000000000000
0000000000000000
0000000000000000
0000000000000000
0000000000000000
0000000000000000
0000000000000000
0000000000000000
0000000000000000
0000000000000000
0000000000000000
0000000000000000
0000000000000000
0000000000000000
0000000000000000
0000000000000000
0000000000000000
0000000000000000
0000000000000000
0000000000000000
0000000000000000
0000000000000000
0000000000000000
0000000000000000
0000000000000000
0000000000000000
0000000000000000
0000000000000000
0000000000000000
0000000000000000
0000000000000000
0000000000000000
0000000000000000
0000000000000000
0000000000000000
0000000000000000
0000000000000000
0000000000000000
0000000000000000
0000000000000000
0000000000000000
0000000000000000
0000000000000000
0000000000000000
0000000000000000
0000000000000000
0000000000000000
0000000000000000
0000000000000000
0000000000000000
0000000000000000
0000000000000000
0000000000000000
0000000000000000
0000000000000000
0000000000000000
0000000000000000
0000000000000000
0000000000000000
0000000000000000
0000000000000000
0000000000000000
0000000000000000
0000000000000000
0000000000000000
0000000000000000
0000000000000000
0000000000000000
0000000000000000
0000000000000000
0000000000000000
0000000000000000
0000000000000000
0000000000000000
0000000000000000
0000000000000000
0000000000000000
0000000000000000
0000000000000000
0000000000000000
0000000000000000
0000000000000000
0000000000000000
0000000000000000
0000000000000000
0000000000000000
0000000000000000
0000000000000000
0000000000000000
0000000000000000
0000000000000000
0000000000000000
0000000000000000
0000000000000000
0000000000000000
0000000000000000
0000000000000000
0000000000000000
0000000000000000
0000000000000000
0000000000000000
0000000000000000
0000000000000000
0000000000000000
0000000000000000
0000000000000000
0000000000000000
0000000010011110
1111111110110111
0000000011101110
0000000111000010
0000000101101101
0000000000111001
1111111101100001
0000000100110000
0000000100000001
1111111111011010
0000001100001011
0000000100010111
0000000110111000
1111111110111111
1111111110100111
1111111110011100
0000000011101101
0000000010000111
0000001010001011
1111111111100110
0000000011001011
1111111111110011
1111111111011011
0000000010100000
0000000111010001
1111111111111110
0000000111000111
1111111001011101
0000000010100100
0000000101011101
1111111110100110
1111111011001110
0000000000110011
0000000000110111
0000000111111100
0000000001001001
0000000110000100
0000000100011001
1111111111100110
0000000001011010
1111111101001111
0000000001010000
0000000111011100
0000000101000001
1111111101100101
0000000100000110
1111111110101101
1111111111010110
0000000100011101
0000000000010000
0000000010010110
0000000001001010
0000000101111111
0000000000111100
0000000000010001
0000000100011101
0000000100001111
xxxxxxxxxxxxxxxx
