0000000000000000
0000000000000000
0000000000000000
0000000000000000
0000000000000000
0000000000000000
0000000000000000
0000000000000000
0000000000000000
0000000000000000
0000000000000000
0000000000000000
0000000000000000
0000000000000000
0000000000000000
0000000000000000
0000000000000000
0000000000000000
0000000000000000
0000000000000000
0000000000000000
0000000000000000
0000000000000000
0000000000000000
0000000000000000
0000000000000000
0000000000000000
0000000000000000
0000000000000000
0000000000000000
0000000000000000
0000000000000000
0000000000000000
0000000000000000
0000000000000000
0000000000000000
0000000000000000
0000000000000000
0000000000000000
0000000000000000
0000000000000000
0000000000000000
0000000000000000
0000000000000000
0000000000000000
0000000000000000
0000000000000000
0000000000000000
0000000000000000
0000000000000000
0000000000000000
0000000000000000
0000000000000000
0000000000000000
0000000000000000
0000000000000000
0000000000000000
0000000000000000
0000000000000000
0000000000000000
0000000000000000
0000000000000000
0000000000000000
0000000000000000
0000000000000000
0000000000000000
0000000000000000
0000000000000000
0000000000000000
0000000000000000
0000000000000000
0000000000000000
0000000000000000
0000000000000000
0000000000000000
0000000000000000
0000000000000000
0000000000000000
0000000000000000
0000000000000000
0000000000000000
0000000000000000
0000000000000000
0000000000000000
0000000000000000
0000000000000000
0000000000000000
0000000000000000
0000000000000000
0000000000000000
0000000000000000
0000000000000000
0000000000000000
0000000000000000
0000000000000000
0000000000000000
0000000000000000
0000000000000000
0000000000000000
0000000000000000
0000000000000000
0000000000000000
0000000000000000
0000000000000000
0000000000000000
0000000000000000
0000000000000000
0000000000000000
0000000000000000
0000000000000000
0000000000000000
0000000000000000
0000000000000000
0000000000000000
0000000000000000
0000000000000000
0000000000000000
0000000000000000
0000000000000000
0000000000000000
0000000000000000
0000000000000000
0000000000000000
0000000000000000
0000000000000000
0000000000000000
0000000000000000
0000000000000000
0000000000000000
0000000000000000
0000000000000000
0000000000000000
0000000000000000
0000000000000000
1111111001010111
0000000000110111
1111110111111000
1111110101011001
0000000000011001
0000000000111001
1111111001110100
1111111100011000
0000000000010110
1111111110011110
1111111011010110
1111111000100111
1111111110001011
1111111011100100
0000000000001101
1111111100100111
0000000101001111
1111111111110000
1111110111010001
1111111110001000
0000000010011111
1111111110000111
0000000001010000
1111110111010010
0000000010101010
0000000000000111
1111111011011011
1111111101100101
1111111001001001
1111110101010111
1111111111111001
1111111111011100
1111111101110011
0000000000011010
1111111000100010
1111111111101101
1111111110000000
1111111101001001
0000000000011101
1111111011000101
1111111011010011
1111111110111011
1111111110100101
1111111010000111
1111111100111010
1111111011000101
0000000000110100
1111110110100100
1111111101001011
0000000000100000
1111111000011011
1111111010110111
1111111100110001
1111111011101010
1111111110011010
0000000011000100
1111111010011001
xxxxxxxxxxxxxxxx
