000000000000
000000110010
000001100100
000010010110
000011001000
000011111001
000100101001
000101011001
000110001000
000110110110
000111100011
001000001110
001000111001
001001100010
001010001010
001010110000
001011010100
001011110111
001100011000
001100110110
001101010011
001101101110
001110000111
001110011110
001110110010
001111000100
001111010100
001111100001
001111101100
001111110101
001111111011
001111111111
010000000000
001111111111
001111111011
001111110101
001111101100
001111100001
001111010100
001111000100
001110110010
001110011110
001110000111
001101101110
001101010011
001100110110
001100011000
001011110111
001011010100
001010110000
001010001010
001001100010
001000111001
001000001110
000111100011
000110110110
000110001000
000101011001
000100101001
000011111001
000011001000
000010010110
000001100100
000000110010
