010000000000
001111111111
001111111011
001111110101
001111101100
001111100001
001111010100
001111000100
001110110010
001110011110
001110000111
001101101110
001101010011
001100110110
001100011000
001011110111
001011010100
001010110000
001010001010
001001100010
001000111001
001000001110
000111100011
000110110110
000110001000
000101011001
000100101001
000011111001
000011001000
000010010110
000001100100
000000110010
000000000000
111111001110
111110011100
111101101010
111100111000
111100000111
111011010111
111010100111
111001111000
111001001010
111000011101
110111110010
110111000111
110110011110
110101110110
110101010000
110100101100
110100001001
110011101000
110011001010
110010101101
110010010010
110001111001
110001100010
110001001110
110000111100
110000101100
110000011111
110000010100
110000001011
110000000101
110000000001
